    5   40   12
  63.546  58.690  63.546  14.001  16.000
   37    1  0.0150  0.0000  0.0000
  0.000000   0.000000   0.000000
  0.000000   0.000000   0.000000
  0.000000   0.000000   0.000000
  0.000000   0.000000   0.000000
  0.000000   0.000000   0.000000
  0.000000   0.000000   0.000000
  0.000000   0.000000   0.000000
  0.000000   0.000000   0.000000
  0.000000   0.000000   0.000000
  0.000000   0.000000   0.000000
  0.000000   0.000000   0.000000
  0.000000   0.000000   0.000000
  0.000000   0.000000   0.000000
  0.000000   0.000000   0.000000
  0.000000   0.000000   0.000000
  0.000000   0.000000   0.000000
  0.000000   0.000000   0.000000
  0.000000   0.000000   0.000000
  0.000000   0.000000   0.000000
  0.000000   0.000000   0.000000
  0.000000   0.000000   0.000000
  0.000000   0.000000   0.000000
  0.000000   0.000000   0.000000
  0.000000   0.000000   0.000000
  0.000000   0.000000   0.000000
  0.000000   0.000000   0.000000
  0.000000   0.000000   0.000000
  0.000000   0.000000   0.000000
  0.000000   0.000000   0.000000
  0.000000   0.000000   0.000000
  0.000000   0.000000   0.000000
  0.000000   0.000000   0.000000
  0.000000   0.000000   0.000000
  0.000000   0.000000   0.000000
  0.000000   0.000000   0.000000
  0.000000   0.000000   0.000000
 -0.635424  -0.168814   0.215932
  0.160717   0.035635  -0.146757
  0.334441   0.113222  -0.039962
  0.131314   0.016774  -0.024945
   37    2  0.0000  0.0150  0.0000
  0.000000   0.000000   0.000000
  0.000000   0.000000   0.000000
  0.000000   0.000000   0.000000
  0.000000   0.000000   0.000000
  0.000000   0.000000   0.000000
  0.000000   0.000000   0.000000
  0.000000   0.000000   0.000000
  0.000000   0.000000   0.000000
  0.000000   0.000000   0.000000
  0.000000   0.000000   0.000000
  0.000000   0.000000   0.000000
  0.000000   0.000000   0.000000
  0.000000   0.000000   0.000000
  0.000000   0.000000   0.000000
  0.000000   0.000000   0.000000
  0.000000   0.000000   0.000000
  0.000000   0.000000   0.000000
  0.000000   0.000000   0.000000
  0.000000   0.000000   0.000000
  0.000000   0.000000   0.000000
  0.000000   0.000000   0.000000
  0.000000   0.000000   0.000000
  0.000000   0.000000   0.000000
  0.000000   0.000000   0.000000
  0.000000   0.000000   0.000000
  0.000000   0.000000   0.000000
  0.000000   0.000000   0.000000
  0.000000   0.000000   0.000000
  0.000000   0.000000   0.000000
  0.000000   0.000000   0.000000
  0.000000   0.000000   0.000000
  0.000000   0.000000   0.000000
  0.000000   0.000000   0.000000
  0.000000   0.000000   0.000000
  0.000000   0.000000   0.000000
  0.000000   0.000000   0.000000
 -0.168364  -0.390415   0.152066
  0.034787   0.128987  -0.104820
  0.114408   0.153839  -0.023349
  0.020466   0.108776  -0.024196
   37    3  0.0000  0.0000  0.0150
  0.000000   0.000000   0.000000
  0.000000   0.000000   0.000000
  0.000000   0.000000   0.000000
  0.000000   0.000000   0.000000
  0.000000   0.000000   0.000000
  0.000000   0.000000   0.000000
  0.000000   0.000000   0.000000
  0.000000   0.000000   0.000000
  0.000000   0.000000   0.000000
  0.000000   0.000000   0.000000
  0.000000   0.000000   0.000000
  0.000000   0.000000   0.000000
  0.000000   0.000000   0.000000
  0.000000   0.000000   0.000000
  0.000000   0.000000   0.000000
  0.000000   0.000000   0.000000
  0.000000   0.000000   0.000000
  0.000000   0.000000   0.000000
  0.000000   0.000000   0.000000
  0.000000   0.000000   0.000000
  0.000000   0.000000   0.000000
  0.000000   0.000000   0.000000
  0.000000   0.000000   0.000000
  0.000000   0.000000   0.000000
  0.000000   0.000000   0.000000
  0.000000   0.000000   0.000000
  0.000000   0.000000   0.000000
  0.000000   0.000000   0.000000
  0.000000   0.000000   0.000000
  0.000000   0.000000   0.000000
  0.000000   0.000000   0.000000
  0.000000   0.000000   0.000000
  0.000000   0.000000   0.000000
  0.000000   0.000000   0.000000
  0.000000   0.000000   0.000000
  0.000000   0.000000   0.000000
  0.216157   0.152852  -1.111441
 -0.134080  -0.101855   0.737373
 -0.088384  -0.045986   0.204380
  0.009382  -0.010507   0.121645
   38    1  0.0150  0.0000  0.0000
  0.000000   0.000000   0.000000
  0.000000   0.000000   0.000000
  0.000000   0.000000   0.000000
  0.000000   0.000000   0.000000
  0.000000   0.000000   0.000000
  0.000000   0.000000   0.000000
  0.000000   0.000000   0.000000
  0.000000   0.000000   0.000000
  0.000000   0.000000   0.000000
  0.000000   0.000000   0.000000
  0.000000   0.000000   0.000000
  0.000000   0.000000   0.000000
  0.000000   0.000000   0.000000
  0.000000   0.000000   0.000000
  0.000000   0.000000   0.000000
  0.000000   0.000000   0.000000
  0.000000   0.000000   0.000000
  0.000000   0.000000   0.000000
  0.000000   0.000000   0.000000
  0.000000   0.000000   0.000000
  0.000000   0.000000   0.000000
  0.000000   0.000000   0.000000
  0.000000   0.000000   0.000000
  0.000000   0.000000   0.000000
  0.000000   0.000000   0.000000
  0.000000   0.000000   0.000000
  0.000000   0.000000   0.000000
  0.000000   0.000000   0.000000
  0.000000   0.000000   0.000000
  0.000000   0.000000   0.000000
  0.000000   0.000000   0.000000
  0.000000   0.000000   0.000000
  0.000000   0.000000   0.000000
  0.000000   0.000000   0.000000
  0.000000   0.000000   0.000000
  0.000000   0.000000   0.000000
  0.160789   0.034804  -0.133381
 -0.181929  -0.075986   0.174636
  0.041029   0.039408  -0.108363
 -0.020044  -0.000567   0.064120
   38    2  0.0000  0.0150  0.0000
  0.000000   0.000000   0.000000
  0.000000   0.000000   0.000000
  0.000000   0.000000   0.000000
  0.000000   0.000000   0.000000
  0.000000   0.000000   0.000000
  0.000000   0.000000   0.000000
  0.000000   0.000000   0.000000
  0.000000   0.000000   0.000000
  0.000000   0.000000   0.000000
  0.000000   0.000000   0.000000
  0.000000   0.000000   0.000000
  0.000000   0.000000   0.000000
  0.000000   0.000000   0.000000
  0.000000   0.000000   0.000000
  0.000000   0.000000   0.000000
  0.000000   0.000000   0.000000
  0.000000   0.000000   0.000000
  0.000000   0.000000   0.000000
  0.000000   0.000000   0.000000
  0.000000   0.000000   0.000000
  0.000000   0.000000   0.000000
  0.000000   0.000000   0.000000
  0.000000   0.000000   0.000000
  0.000000   0.000000   0.000000
  0.000000   0.000000   0.000000
  0.000000   0.000000   0.000000
  0.000000   0.000000   0.000000
  0.000000   0.000000   0.000000
  0.000000   0.000000   0.000000
  0.000000   0.000000   0.000000
  0.000000   0.000000   0.000000
  0.000000   0.000000   0.000000
  0.000000   0.000000   0.000000
  0.000000   0.000000   0.000000
  0.000000   0.000000   0.000000
  0.000000   0.000000   0.000000
  0.035674   0.129118  -0.101408
 -0.075350  -0.085574   0.132476
  0.036959  -0.013529  -0.053580
  0.003408  -0.033598   0.024953
   38    3  0.0000  0.0000  0.0150
  0.000000   0.000000   0.000000
  0.000000   0.000000   0.000000
  0.000000   0.000000   0.000000
  0.000000   0.000000   0.000000
  0.000000   0.000000   0.000000
  0.000000   0.000000   0.000000
  0.000000   0.000000   0.000000
  0.000000   0.000000   0.000000
  0.000000   0.000000   0.000000
  0.000000   0.000000   0.000000
  0.000000   0.000000   0.000000
  0.000000   0.000000   0.000000
  0.000000   0.000000   0.000000
  0.000000   0.000000   0.000000
  0.000000   0.000000   0.000000
  0.000000   0.000000   0.000000
  0.000000   0.000000   0.000000
  0.000000   0.000000   0.000000
  0.000000   0.000000   0.000000
  0.000000   0.000000   0.000000
  0.000000   0.000000   0.000000
  0.000000   0.000000   0.000000
  0.000000   0.000000   0.000000
  0.000000   0.000000   0.000000
  0.000000   0.000000   0.000000
  0.000000   0.000000   0.000000
  0.000000   0.000000   0.000000
  0.000000   0.000000   0.000000
  0.000000   0.000000   0.000000
  0.000000   0.000000   0.000000
  0.000000   0.000000   0.000000
  0.000000   0.000000   0.000000
  0.000000   0.000000   0.000000
  0.000000   0.000000   0.000000
  0.000000   0.000000   0.000000
  0.000000   0.000000   0.000000
 -0.147391  -0.105429   0.737453
  0.173772   0.132029  -0.911150
 -0.066994  -0.035417   0.047534
  0.038092   0.010519   0.126107
   39    1  0.0150  0.0000  0.0000
  0.000000   0.000000   0.000000
  0.000000   0.000000   0.000000
  0.000000   0.000000   0.000000
  0.000000   0.000000   0.000000
  0.000000   0.000000   0.000000
  0.000000   0.000000   0.000000
  0.000000   0.000000   0.000000
  0.000000   0.000000   0.000000
  0.000000   0.000000   0.000000
  0.000000   0.000000   0.000000
  0.000000   0.000000   0.000000
  0.000000   0.000000   0.000000
  0.000000   0.000000   0.000000
  0.000000   0.000000   0.000000
  0.000000   0.000000   0.000000
  0.000000   0.000000   0.000000
  0.000000   0.000000   0.000000
  0.000000   0.000000   0.000000
  0.000000   0.000000   0.000000
  0.000000   0.000000   0.000000
  0.000000   0.000000   0.000000
  0.000000   0.000000   0.000000
  0.000000   0.000000   0.000000
  0.000000   0.000000   0.000000
  0.000000   0.000000   0.000000
  0.000000   0.000000   0.000000
  0.000000   0.000000   0.000000
  0.000000   0.000000   0.000000
  0.000000   0.000000   0.000000
  0.000000   0.000000   0.000000
  0.000000   0.000000   0.000000
  0.000000   0.000000   0.000000
  0.000000   0.000000   0.000000
  0.000000   0.000000   0.000000
  0.000000   0.000000   0.000000
  0.000000   0.000000   0.000000
  0.334417   0.114772  -0.088865
  0.040987   0.036939  -0.067041
 -0.477731  -0.209096   0.109609
  0.098618   0.062934   0.040012
   39    2  0.0000  0.0150  0.0000
  0.000000   0.000000   0.000000
  0.000000   0.000000   0.000000
  0.000000   0.000000   0.000000
  0.000000   0.000000   0.000000
  0.000000   0.000000   0.000000
  0.000000   0.000000   0.000000
  0.000000   0.000000   0.000000
  0.000000   0.000000   0.000000
  0.000000   0.000000   0.000000
  0.000000   0.000000   0.000000
  0.000000   0.000000   0.000000
  0.000000   0.000000   0.000000
  0.000000   0.000000   0.000000
  0.000000   0.000000   0.000000
  0.000000   0.000000   0.000000
  0.000000   0.000000   0.000000
  0.000000   0.000000   0.000000
  0.000000   0.000000   0.000000
  0.000000   0.000000   0.000000
  0.000000   0.000000   0.000000
  0.000000   0.000000   0.000000
  0.000000   0.000000   0.000000
  0.000000   0.000000   0.000000
  0.000000   0.000000   0.000000
  0.000000   0.000000   0.000000
  0.000000   0.000000   0.000000
  0.000000   0.000000   0.000000
  0.000000   0.000000   0.000000
  0.000000   0.000000   0.000000
  0.000000   0.000000   0.000000
  0.000000   0.000000   0.000000
  0.000000   0.000000   0.000000
  0.000000   0.000000   0.000000
  0.000000   0.000000   0.000000
  0.000000   0.000000   0.000000
  0.000000   0.000000   0.000000
  0.112773   0.153840  -0.046090
  0.039356  -0.013641  -0.035419
 -0.210541  -0.139648   0.058999
  0.058180  -0.002036   0.020689
   39    3  0.0000  0.0000  0.0150
  0.000000   0.000000   0.000000
  0.000000   0.000000   0.000000
  0.000000   0.000000   0.000000
  0.000000   0.000000   0.000000
  0.000000   0.000000   0.000000
  0.000000   0.000000   0.000000
  0.000000   0.000000   0.000000
  0.000000   0.000000   0.000000
  0.000000   0.000000   0.000000
  0.000000   0.000000   0.000000
  0.000000   0.000000   0.000000
  0.000000   0.000000   0.000000
  0.000000   0.000000   0.000000
  0.000000   0.000000   0.000000
  0.000000   0.000000   0.000000
  0.000000   0.000000   0.000000
  0.000000   0.000000   0.000000
  0.000000   0.000000   0.000000
  0.000000   0.000000   0.000000
  0.000000   0.000000   0.000000
  0.000000   0.000000   0.000000
  0.000000   0.000000   0.000000
  0.000000   0.000000   0.000000
  0.000000   0.000000   0.000000
  0.000000   0.000000   0.000000
  0.000000   0.000000   0.000000
  0.000000   0.000000   0.000000
  0.000000   0.000000   0.000000
  0.000000   0.000000   0.000000
  0.000000   0.000000   0.000000
  0.000000   0.000000   0.000000
  0.000000   0.000000   0.000000
  0.000000   0.000000   0.000000
  0.000000   0.000000   0.000000
  0.000000   0.000000   0.000000
  0.000000   0.000000   0.000000
 -0.039510  -0.023301   0.204272
 -0.108331  -0.053503   0.047433
  0.106928   0.056592  -0.236495
  0.033744   0.014364  -0.035156
   40    1  0.0150  0.0000  0.0000
  0.000000   0.000000   0.000000
  0.000000   0.000000   0.000000
  0.000000   0.000000   0.000000
  0.000000   0.000000   0.000000
  0.000000   0.000000   0.000000
  0.000000   0.000000   0.000000
  0.000000   0.000000   0.000000
  0.000000   0.000000   0.000000
  0.000000   0.000000   0.000000
  0.000000   0.000000   0.000000
  0.000000   0.000000   0.000000
  0.000000   0.000000   0.000000
  0.000000   0.000000   0.000000
  0.000000   0.000000   0.000000
  0.000000   0.000000   0.000000
  0.000000   0.000000   0.000000
  0.000000   0.000000   0.000000
  0.000000   0.000000   0.000000
  0.000000   0.000000   0.000000
  0.000000   0.000000   0.000000
  0.000000   0.000000   0.000000
  0.000000   0.000000   0.000000
  0.000000   0.000000   0.000000
  0.000000   0.000000   0.000000
  0.000000   0.000000   0.000000
  0.000000   0.000000   0.000000
  0.000000   0.000000   0.000000
  0.000000   0.000000   0.000000
  0.000000   0.000000   0.000000
  0.000000   0.000000   0.000000
  0.000000   0.000000   0.000000
  0.000000   0.000000   0.000000
  0.000000   0.000000   0.000000
  0.000000   0.000000   0.000000
  0.000000   0.000000   0.000000
  0.000000   0.000000   0.000000
  0.131316   0.020523   0.009376
 -0.020130   0.003394   0.038024
  0.098554   0.058213   0.033720
 -0.214569  -0.085359  -0.081217
   40    2  0.0000  0.0150  0.0000
  0.000000   0.000000   0.000000
  0.000000   0.000000   0.000000
  0.000000   0.000000   0.000000
  0.000000   0.000000   0.000000
  0.000000   0.000000   0.000000
  0.000000   0.000000   0.000000
  0.000000   0.000000   0.000000
  0.000000   0.000000   0.000000
  0.000000   0.000000   0.000000
  0.000000   0.000000   0.000000
  0.000000   0.000000   0.000000
  0.000000   0.000000   0.000000
  0.000000   0.000000   0.000000
  0.000000   0.000000   0.000000
  0.000000   0.000000   0.000000
  0.000000   0.000000   0.000000
  0.000000   0.000000   0.000000
  0.000000   0.000000   0.000000
  0.000000   0.000000   0.000000
  0.000000   0.000000   0.000000
  0.000000   0.000000   0.000000
  0.000000   0.000000   0.000000
  0.000000   0.000000   0.000000
  0.000000   0.000000   0.000000
  0.000000   0.000000   0.000000
  0.000000   0.000000   0.000000
  0.000000   0.000000   0.000000
  0.000000   0.000000   0.000000
  0.000000   0.000000   0.000000
  0.000000   0.000000   0.000000
  0.000000   0.000000   0.000000
  0.000000   0.000000   0.000000
  0.000000   0.000000   0.000000
  0.000000   0.000000   0.000000
  0.000000   0.000000   0.000000
  0.000000   0.000000   0.000000
  0.016725   0.108781  -0.010594
 -0.000606  -0.033717   0.010560
  0.062928  -0.002034   0.014310
 -0.085775  -0.087275   0.013143
   40    3  0.0000  0.0000  0.0150
  0.000000   0.000000   0.000000
  0.000000   0.000000   0.000000
  0.000000   0.000000   0.000000
  0.000000   0.000000   0.000000
  0.000000   0.000000   0.000000
  0.000000   0.000000   0.000000
  0.000000   0.000000   0.000000
  0.000000   0.000000   0.000000
  0.000000   0.000000   0.000000
  0.000000   0.000000   0.000000
  0.000000   0.000000   0.000000
  0.000000   0.000000   0.000000
  0.000000   0.000000   0.000000
  0.000000   0.000000   0.000000
  0.000000   0.000000   0.000000
  0.000000   0.000000   0.000000
  0.000000   0.000000   0.000000
  0.000000   0.000000   0.000000
  0.000000   0.000000   0.000000
  0.000000   0.000000   0.000000
  0.000000   0.000000   0.000000
  0.000000   0.000000   0.000000
  0.000000   0.000000   0.000000
  0.000000   0.000000   0.000000
  0.000000   0.000000   0.000000
  0.000000   0.000000   0.000000
  0.000000   0.000000   0.000000
  0.000000   0.000000   0.000000
  0.000000   0.000000   0.000000
  0.000000   0.000000   0.000000
  0.000000   0.000000   0.000000
  0.000000   0.000000   0.000000
  0.000000   0.000000   0.000000
  0.000000   0.000000   0.000000
  0.000000   0.000000   0.000000
  0.000000   0.000000   0.000000
 -0.024856  -0.024119   0.121581
  0.064089   0.024953   0.126085
  0.039970   0.020671  -0.035055
 -0.081359   0.013147  -0.266091
