    3   40   12
  63.546  14.001  16.000
   37    1  0.0150  0.0000  0.0000
  0.000000   0.000000   0.000000
  0.000000   0.000000   0.000000
  0.000000   0.000000   0.000000
  0.000000   0.000000   0.000000
  0.000000   0.000000   0.000000
  0.000000   0.000000   0.000000
  0.000000   0.000000   0.000000
  0.000000   0.000000   0.000000
  0.000000   0.000000   0.000000
  0.000000   0.000000   0.000000
  0.000000   0.000000   0.000000
  0.000000   0.000000   0.000000
  0.000000   0.000000   0.000000
  0.000000   0.000000   0.000000
  0.000000   0.000000   0.000000
  0.000000   0.000000   0.000000
  0.000000   0.000000   0.000000
  0.000000   0.000000   0.000000
  0.000000   0.000000   0.000000
  0.000000   0.000000   0.000000
  0.000000   0.000000   0.000000
  0.000000   0.000000   0.000000
  0.000000   0.000000   0.000000
  0.000000   0.000000   0.000000
  0.000000   0.000000   0.000000
  0.000000   0.000000   0.000000
  0.000000   0.000000   0.000000
  0.000000   0.000000   0.000000
  0.000000   0.000000   0.000000
  0.000000   0.000000   0.000000
  0.000000   0.000000   0.000000
  0.000000   0.000000   0.000000
  0.000000   0.000000   0.000000
  0.000000   0.000000   0.000000
  0.000000   0.000000   0.000000
  0.000000   0.000000   0.000000
 -1.001932   0.404339   0.258555
  0.360484  -0.141501  -0.279165
  0.568716  -0.262637   0.066010
  0.078552   0.000001  -0.051153
   37    2  0.0000  0.0150  0.0000
  0.000000   0.000000   0.000000
  0.000000   0.000000   0.000000
  0.000000   0.000000   0.000000
  0.000000   0.000000   0.000000
  0.000000   0.000000   0.000000
  0.000000   0.000000   0.000000
  0.000000   0.000000   0.000000
  0.000000   0.000000   0.000000
  0.000000   0.000000   0.000000
  0.000000   0.000000   0.000000
  0.000000   0.000000   0.000000
  0.000000   0.000000   0.000000
  0.000000   0.000000   0.000000
  0.000000   0.000000   0.000000
  0.000000   0.000000   0.000000
  0.000000   0.000000   0.000000
  0.000000   0.000000   0.000000
  0.000000   0.000000   0.000000
  0.000000   0.000000   0.000000
  0.000000   0.000000   0.000000
  0.000000   0.000000   0.000000
  0.000000   0.000000   0.000000
  0.000000   0.000000   0.000000
  0.000000   0.000000   0.000000
  0.000000   0.000000   0.000000
  0.000000   0.000000   0.000000
  0.000000   0.000000   0.000000
  0.000000   0.000000   0.000000
  0.000000   0.000000   0.000000
  0.000000   0.000000   0.000000
  0.000000   0.000000   0.000000
  0.000000   0.000000   0.000000
  0.000000   0.000000   0.000000
  0.000000   0.000000   0.000000
  0.000000   0.000000   0.000000
  0.000000   0.000000   0.000000
  0.401729  -0.473479  -0.134055
 -0.141222   0.165846   0.144860
 -0.260815   0.237637  -0.037591
 -0.000015   0.076682   0.030785
   37    3  0.0000  0.0000  0.0150
  0.000000   0.000000   0.000000
  0.000000   0.000000   0.000000
  0.000000   0.000000   0.000000
  0.000000   0.000000   0.000000
  0.000000   0.000000   0.000000
  0.000000   0.000000   0.000000
  0.000000   0.000000   0.000000
  0.000000   0.000000   0.000000
  0.000000   0.000000   0.000000
  0.000000   0.000000   0.000000
  0.000000   0.000000   0.000000
  0.000000   0.000000   0.000000
  0.000000   0.000000   0.000000
  0.000000   0.000000   0.000000
  0.000000   0.000000   0.000000
  0.000000   0.000000   0.000000
  0.000000   0.000000   0.000000
  0.000000   0.000000   0.000000
  0.000000   0.000000   0.000000
  0.000000   0.000000   0.000000
  0.000000   0.000000   0.000000
  0.000000   0.000000   0.000000
  0.000000   0.000000   0.000000
  0.000000   0.000000   0.000000
  0.000000   0.000000   0.000000
  0.000000   0.000000   0.000000
  0.000000   0.000000   0.000000
  0.000000   0.000000   0.000000
  0.000000   0.000000   0.000000
  0.000000   0.000000   0.000000
  0.000000   0.000000   0.000000
  0.000000   0.000000   0.000000
  0.000000   0.000000   0.000000
  0.000000   0.000000   0.000000
  0.000000   0.000000   0.000000
  0.000000   0.000000   0.000000
  0.257765  -0.134039  -0.580992
 -0.257622   0.133315   0.460501
  0.040343  -0.023597   0.158869
 -0.042994   0.025888  -0.089437
   38    1  0.0150  0.0000  0.0000
  0.000000   0.000000   0.000000
  0.000000   0.000000   0.000000
  0.000000   0.000000   0.000000
  0.000000   0.000000   0.000000
  0.000000   0.000000   0.000000
  0.000000   0.000000   0.000000
  0.000000   0.000000   0.000000
  0.000000   0.000000   0.000000
  0.000000   0.000000   0.000000
  0.000000   0.000000   0.000000
  0.000000   0.000000   0.000000
  0.000000   0.000000   0.000000
  0.000000   0.000000   0.000000
  0.000000   0.000000   0.000000
  0.000000   0.000000   0.000000
  0.000000   0.000000   0.000000
  0.000000   0.000000   0.000000
  0.000000   0.000000   0.000000
  0.000000   0.000000   0.000000
  0.000000   0.000000   0.000000
  0.000000   0.000000   0.000000
  0.000000   0.000000   0.000000
  0.000000   0.000000   0.000000
  0.000000   0.000000   0.000000
  0.000000   0.000000   0.000000
  0.000000   0.000000   0.000000
  0.000000   0.000000   0.000000
  0.000000   0.000000   0.000000
  0.000000   0.000000   0.000000
  0.000000   0.000000   0.000000
  0.000000   0.000000   0.000000
  0.000000   0.000000   0.000000
  0.000000   0.000000   0.000000
  0.000000   0.000000   0.000000
  0.000000   0.000000   0.000000
  0.000000   0.000000   0.000000
  0.360145  -0.142357  -0.257822
 -0.447811   0.217449   0.349721
  0.109245  -0.077381  -0.078949
 -0.023263   0.000518  -0.011740
   38    2  0.0000  0.0150  0.0000
  0.000000   0.000000   0.000000
  0.000000   0.000000   0.000000
  0.000000   0.000000   0.000000
  0.000000   0.000000   0.000000
  0.000000   0.000000   0.000000
  0.000000   0.000000   0.000000
  0.000000   0.000000   0.000000
  0.000000   0.000000   0.000000
  0.000000   0.000000   0.000000
  0.000000   0.000000   0.000000
  0.000000   0.000000   0.000000
  0.000000   0.000000   0.000000
  0.000000   0.000000   0.000000
  0.000000   0.000000   0.000000
  0.000000   0.000000   0.000000
  0.000000   0.000000   0.000000
  0.000000   0.000000   0.000000
  0.000000   0.000000   0.000000
  0.000000   0.000000   0.000000
  0.000000   0.000000   0.000000
  0.000000   0.000000   0.000000
  0.000000   0.000000   0.000000
  0.000000   0.000000   0.000000
  0.000000   0.000000   0.000000
  0.000000   0.000000   0.000000
  0.000000   0.000000   0.000000
  0.000000   0.000000   0.000000
  0.000000   0.000000   0.000000
  0.000000   0.000000   0.000000
  0.000000   0.000000   0.000000
  0.000000   0.000000   0.000000
  0.000000   0.000000   0.000000
  0.000000   0.000000   0.000000
  0.000000   0.000000   0.000000
  0.000000   0.000000   0.000000
  0.000000   0.000000   0.000000
 -0.140434   0.165821   0.132776
  0.216472  -0.154888  -0.179735
 -0.078173   0.007129   0.042833
  0.000514  -0.022983   0.004339
   38    3  0.0000  0.0000  0.0150
  0.000000   0.000000   0.000000
  0.000000   0.000000   0.000000
  0.000000   0.000000   0.000000
  0.000000   0.000000   0.000000
  0.000000   0.000000   0.000000
  0.000000   0.000000   0.000000
  0.000000   0.000000   0.000000
  0.000000   0.000000   0.000000
  0.000000   0.000000   0.000000
  0.000000   0.000000   0.000000
  0.000000   0.000000   0.000000
  0.000000   0.000000   0.000000
  0.000000   0.000000   0.000000
  0.000000   0.000000   0.000000
  0.000000   0.000000   0.000000
  0.000000   0.000000   0.000000
  0.000000   0.000000   0.000000
  0.000000   0.000000   0.000000
  0.000000   0.000000   0.000000
  0.000000   0.000000   0.000000
  0.000000   0.000000   0.000000
  0.000000   0.000000   0.000000
  0.000000   0.000000   0.000000
  0.000000   0.000000   0.000000
  0.000000   0.000000   0.000000
  0.000000   0.000000   0.000000
  0.000000   0.000000   0.000000
  0.000000   0.000000   0.000000
  0.000000   0.000000   0.000000
  0.000000   0.000000   0.000000
  0.000000   0.000000   0.000000
  0.000000   0.000000   0.000000
  0.000000   0.000000   0.000000
  0.000000   0.000000   0.000000
  0.000000   0.000000   0.000000
  0.000000   0.000000   0.000000
 -0.278758   0.144888   0.460919
  0.351422  -0.178966  -0.530730
 -0.045006   0.024258  -0.021000
 -0.024143   0.010947   0.083904
   39    1  0.0150  0.0000  0.0000
  0.000000   0.000000   0.000000
  0.000000   0.000000   0.000000
  0.000000   0.000000   0.000000
  0.000000   0.000000   0.000000
  0.000000   0.000000   0.000000
  0.000000   0.000000   0.000000
  0.000000   0.000000   0.000000
  0.000000   0.000000   0.000000
  0.000000   0.000000   0.000000
  0.000000   0.000000   0.000000
  0.000000   0.000000   0.000000
  0.000000   0.000000   0.000000
  0.000000   0.000000   0.000000
  0.000000   0.000000   0.000000
  0.000000   0.000000   0.000000
  0.000000   0.000000   0.000000
  0.000000   0.000000   0.000000
  0.000000   0.000000   0.000000
  0.000000   0.000000   0.000000
  0.000000   0.000000   0.000000
  0.000000   0.000000   0.000000
  0.000000   0.000000   0.000000
  0.000000   0.000000   0.000000
  0.000000   0.000000   0.000000
  0.000000   0.000000   0.000000
  0.000000   0.000000   0.000000
  0.000000   0.000000   0.000000
  0.000000   0.000000   0.000000
  0.000000   0.000000   0.000000
  0.000000   0.000000   0.000000
  0.000000   0.000000   0.000000
  0.000000   0.000000   0.000000
  0.000000   0.000000   0.000000
  0.000000   0.000000   0.000000
  0.000000   0.000000   0.000000
  0.000000   0.000000   0.000000
  0.568984  -0.262470   0.040610
  0.109140  -0.078115  -0.044840
 -0.699318   0.364121  -0.041199
  0.024835  -0.025877   0.047245
   39    2  0.0000  0.0150  0.0000
  0.000000   0.000000   0.000000
  0.000000   0.000000   0.000000
  0.000000   0.000000   0.000000
  0.000000   0.000000   0.000000
  0.000000   0.000000   0.000000
  0.000000   0.000000   0.000000
  0.000000   0.000000   0.000000
  0.000000   0.000000   0.000000
  0.000000   0.000000   0.000000
  0.000000   0.000000   0.000000
  0.000000   0.000000   0.000000
  0.000000   0.000000   0.000000
  0.000000   0.000000   0.000000
  0.000000   0.000000   0.000000
  0.000000   0.000000   0.000000
  0.000000   0.000000   0.000000
  0.000000   0.000000   0.000000
  0.000000   0.000000   0.000000
  0.000000   0.000000   0.000000
  0.000000   0.000000   0.000000
  0.000000   0.000000   0.000000
  0.000000   0.000000   0.000000
  0.000000   0.000000   0.000000
  0.000000   0.000000   0.000000
  0.000000   0.000000   0.000000
  0.000000   0.000000   0.000000
  0.000000   0.000000   0.000000
  0.000000   0.000000   0.000000
  0.000000   0.000000   0.000000
  0.000000   0.000000   0.000000
  0.000000   0.000000   0.000000
  0.000000   0.000000   0.000000
  0.000000   0.000000   0.000000
  0.000000   0.000000   0.000000
  0.000000   0.000000   0.000000
  0.000000   0.000000   0.000000
 -0.261651   0.237909  -0.023745
 -0.077489   0.006976   0.024155
  0.365262  -0.237558   0.026666
 -0.026079  -0.006191  -0.026809
   39    3  0.0000  0.0000  0.0150
  0.000000   0.000000   0.000000
  0.000000   0.000000   0.000000
  0.000000   0.000000   0.000000
  0.000000   0.000000   0.000000
  0.000000   0.000000   0.000000
  0.000000   0.000000   0.000000
  0.000000   0.000000   0.000000
  0.000000   0.000000   0.000000
  0.000000   0.000000   0.000000
  0.000000   0.000000   0.000000
  0.000000   0.000000   0.000000
  0.000000   0.000000   0.000000
  0.000000   0.000000   0.000000
  0.000000   0.000000   0.000000
  0.000000   0.000000   0.000000
  0.000000   0.000000   0.000000
  0.000000   0.000000   0.000000
  0.000000   0.000000   0.000000
  0.000000   0.000000   0.000000
  0.000000   0.000000   0.000000
  0.000000   0.000000   0.000000
  0.000000   0.000000   0.000000
  0.000000   0.000000   0.000000
  0.000000   0.000000   0.000000
  0.000000   0.000000   0.000000
  0.000000   0.000000   0.000000
  0.000000   0.000000   0.000000
  0.000000   0.000000   0.000000
  0.000000   0.000000   0.000000
  0.000000   0.000000   0.000000
  0.000000   0.000000   0.000000
  0.000000   0.000000   0.000000
  0.000000   0.000000   0.000000
  0.000000   0.000000   0.000000
  0.000000   0.000000   0.000000
  0.000000   0.000000   0.000000
  0.065623  -0.037576   0.159305
 -0.078874   0.042821  -0.021142
 -0.040980   0.027175  -0.165064
  0.054875  -0.030899   0.023475
   40    1  0.0150  0.0000  0.0000
  0.000000   0.000000   0.000000
  0.000000   0.000000   0.000000
  0.000000   0.000000   0.000000
  0.000000   0.000000   0.000000
  0.000000   0.000000   0.000000
  0.000000   0.000000   0.000000
  0.000000   0.000000   0.000000
  0.000000   0.000000   0.000000
  0.000000   0.000000   0.000000
  0.000000   0.000000   0.000000
  0.000000   0.000000   0.000000
  0.000000   0.000000   0.000000
  0.000000   0.000000   0.000000
  0.000000   0.000000   0.000000
  0.000000   0.000000   0.000000
  0.000000   0.000000   0.000000
  0.000000   0.000000   0.000000
  0.000000   0.000000   0.000000
  0.000000   0.000000   0.000000
  0.000000   0.000000   0.000000
  0.000000   0.000000   0.000000
  0.000000   0.000000   0.000000
  0.000000   0.000000   0.000000
  0.000000   0.000000   0.000000
  0.000000   0.000000   0.000000
  0.000000   0.000000   0.000000
  0.000000   0.000000   0.000000
  0.000000   0.000000   0.000000
  0.000000   0.000000   0.000000
  0.000000   0.000000   0.000000
  0.000000   0.000000   0.000000
  0.000000   0.000000   0.000000
  0.000000   0.000000   0.000000
  0.000000   0.000000   0.000000
  0.000000   0.000000   0.000000
  0.000000   0.000000   0.000000
  0.078480  -0.000012  -0.042979
 -0.023050   0.000719  -0.023820
  0.024911  -0.026041   0.054753
 -0.106606   0.023057   0.027096
   40    2  0.0000  0.0150  0.0000
  0.000000   0.000000   0.000000
  0.000000   0.000000   0.000000
  0.000000   0.000000   0.000000
  0.000000   0.000000   0.000000
  0.000000   0.000000   0.000000
  0.000000   0.000000   0.000000
  0.000000   0.000000   0.000000
  0.000000   0.000000   0.000000
  0.000000   0.000000   0.000000
  0.000000   0.000000   0.000000
  0.000000   0.000000   0.000000
  0.000000   0.000000   0.000000
  0.000000   0.000000   0.000000
  0.000000   0.000000   0.000000
  0.000000   0.000000   0.000000
  0.000000   0.000000   0.000000
  0.000000   0.000000   0.000000
  0.000000   0.000000   0.000000
  0.000000   0.000000   0.000000
  0.000000   0.000000   0.000000
  0.000000   0.000000   0.000000
  0.000000   0.000000   0.000000
  0.000000   0.000000   0.000000
  0.000000   0.000000   0.000000
  0.000000   0.000000   0.000000
  0.000000   0.000000   0.000000
  0.000000   0.000000   0.000000
  0.000000   0.000000   0.000000
  0.000000   0.000000   0.000000
  0.000000   0.000000   0.000000
  0.000000   0.000000   0.000000
  0.000000   0.000000   0.000000
  0.000000   0.000000   0.000000
  0.000000   0.000000   0.000000
  0.000000   0.000000   0.000000
  0.000000   0.000000   0.000000
  0.000070   0.076808   0.025825
  0.000531  -0.023045   0.011012
 -0.025953  -0.006053  -0.030808
  0.023787  -0.076234  -0.015331
   40    3  0.0000  0.0000  0.0150
  0.000000   0.000000   0.000000
  0.000000   0.000000   0.000000
  0.000000   0.000000   0.000000
  0.000000   0.000000   0.000000
  0.000000   0.000000   0.000000
  0.000000   0.000000   0.000000
  0.000000   0.000000   0.000000
  0.000000   0.000000   0.000000
  0.000000   0.000000   0.000000
  0.000000   0.000000   0.000000
  0.000000   0.000000   0.000000
  0.000000   0.000000   0.000000
  0.000000   0.000000   0.000000
  0.000000   0.000000   0.000000
  0.000000   0.000000   0.000000
  0.000000   0.000000   0.000000
  0.000000   0.000000   0.000000
  0.000000   0.000000   0.000000
  0.000000   0.000000   0.000000
  0.000000   0.000000   0.000000
  0.000000   0.000000   0.000000
  0.000000   0.000000   0.000000
  0.000000   0.000000   0.000000
  0.000000   0.000000   0.000000
  0.000000   0.000000   0.000000
  0.000000   0.000000   0.000000
  0.000000   0.000000   0.000000
  0.000000   0.000000   0.000000
  0.000000   0.000000   0.000000
  0.000000   0.000000   0.000000
  0.000000   0.000000   0.000000
  0.000000   0.000000   0.000000
  0.000000   0.000000   0.000000
  0.000000   0.000000   0.000000
  0.000000   0.000000   0.000000
  0.000000   0.000000   0.000000
 -0.051406   0.031036  -0.089369
 -0.011809   0.004412   0.083516
  0.047170  -0.026643   0.023179
  0.027441  -0.016481  -0.039244
